{
 "cells": [
  {
   "cell_type": "code",
   "execution_count": 2,
   "metadata": {},
   "outputs": [],
   "source": [
    "import pandas as pd"
   ]
  },
  {
   "cell_type": "code",
   "execution_count": 41,
   "metadata": {},
   "outputs": [],
   "source": [
    "import numpy as np\n",
    "from sklearn.preprocessing import StandardScaler\n",
    "from sklearn.decomposition import PCA\n",
    "from sklearn.model_selection import train_test_split, GridSearchCV, KFold\n",
    "from sklearn.ensemble import RandomForestClassifier\n",
    "from sklearn.metrics import accuracy_score, confusion_matrix, classification_report, precision_score, recall_score, f1_score, cohen_kappa_score\n",
    "import matplotlib.pyplot as plt\n",
    "import seaborn as sns\n",
    "import matplotlib.pyplot as plt\n",
    "import statsmodels.api as sm"
   ]
  },
  {
   "cell_type": "code",
   "execution_count": 4,
   "metadata": {},
   "outputs": [
    {
     "name": "stdout",
     "output_type": "stream",
     "text": [
      "              Name  GP   MIN  PTS  FGM  FGA   FG%  3P Made  3PA   3P%  ...  \\\n",
      "0   Brandon Ingram  36  27.4  7.4  2.6  7.6  34.7      0.5  2.1  25.0  ...   \n",
      "1  Andrew Harrison  35  26.9  7.2  2.0  6.7  29.6      0.7  2.8  23.5  ...   \n",
      "2   JaKarr Sampson  74  15.3  5.2  2.0  4.7  42.2      0.4  1.7  24.4  ...   \n",
      "3      Malik Sealy  58  11.6  5.7  2.3  5.5  42.6      0.1  0.5  22.6  ...   \n",
      "4      Matt Geiger  48  11.5  4.5  1.6  3.0  52.4      0.0  0.1   0.0  ...   \n",
      "\n",
      "   FTA   FT%  OREB  DREB  REB  AST  STL  BLK  TOV  TARGET_5Yrs  \n",
      "0  2.3  69.9   0.7   3.4  4.1  1.9  0.4  0.4  1.3          0.0  \n",
      "1  3.4  76.5   0.5   2.0  2.4  3.7  1.1  0.5  1.6          0.0  \n",
      "2  1.3  67.0   0.5   1.7  2.2  1.0  0.5  0.3  1.0          0.0  \n",
      "3  1.3  68.9   1.0   0.9  1.9  0.8  0.6  0.1  1.0          1.0  \n",
      "4  1.9  67.4   1.0   1.5  2.5  0.3  0.3  0.4  0.8          1.0  \n",
      "\n",
      "[5 rows x 21 columns]\n"
     ]
    }
   ],
   "source": [
    "df = pd.read_csv('nba_logreg2.csv', sep = \";\")\n",
    "print(df.head(5))"
   ]
  },
  {
   "cell_type": "code",
   "execution_count": 5,
   "metadata": {},
   "outputs": [
    {
     "name": "stdout",
     "output_type": "stream",
     "text": [
      "                GP          MIN          PTS          FGM          FGA  \\\n",
      "count  1329.000000  1329.000000  1329.000000  1329.000000  1329.000000   \n",
      "mean     60.402558    17.647931     6.820166     2.634763     5.902483   \n",
      "std      17.481092     8.327441     4.365671     1.686850     3.598820   \n",
      "min      11.000000     3.100000     0.700000     0.300000     0.800000   \n",
      "25%      47.000000    10.800000     3.700000     1.400000     3.300000   \n",
      "50%      63.000000    16.100000     5.600000     2.100000     4.800000   \n",
      "75%      77.000000    22.900000     8.800000     3.400000     7.500000   \n",
      "max      82.000000    40.900000    28.200000    10.200000    19.800000   \n",
      "\n",
      "               FG%      3P Made          3PA          3P%          FTM  \\\n",
      "count  1329.000000  1329.000000  1329.000000  1329.000000  1329.000000   \n",
      "mean     44.117532     0.249661     0.785628    19.308126     1.302784   \n",
      "std       6.119492     0.384608     1.063856    16.022916     0.989341   \n",
      "min      23.800000     0.000000     0.000000     0.000000     0.000000   \n",
      "25%      40.200000     0.000000     0.000000     0.000000     0.600000   \n",
      "50%      43.900000     0.100000     0.300000    22.400000     1.000000   \n",
      "75%      47.800000     0.400000     1.200000    32.500000     1.700000   \n",
      "max      73.700000     2.300000     6.500000   100.000000     7.700000   \n",
      "\n",
      "               FTA          FT%         OREB         DREB          REB  \\\n",
      "count  1329.000000  1329.000000  1329.000000  1329.000000  1329.000000   \n",
      "mean      1.827314    70.407148     1.007600     2.021445     3.028442   \n",
      "std       1.326655    10.489838     0.779178     1.362464     2.062357   \n",
      "min       0.000000     0.000000     0.000000     0.200000     0.300000   \n",
      "25%       0.900000    64.800000     0.400000     1.000000     1.500000   \n",
      "50%       1.500000    71.300000     0.800000     1.700000     2.500000   \n",
      "75%       2.300000    77.600000     1.400000     2.600000     4.000000   \n",
      "max      10.200000   100.000000     5.300000     9.600000    13.900000   \n",
      "\n",
      "               AST          STL          BLK          TOV  TARGET_5Yrs  \n",
      "count  1329.000000  1329.000000  1329.000000  1329.000000  1329.000000  \n",
      "mean      1.558992     0.620391     0.366140     1.196012     0.621520  \n",
      "std       1.474159     0.410533     0.428534     0.724470     0.485191  \n",
      "min       0.000000     0.000000     0.000000     0.100000     0.000000  \n",
      "25%       0.600000     0.300000     0.100000     0.700000     0.000000  \n",
      "50%       1.100000     0.500000     0.200000     1.000000     1.000000  \n",
      "75%       2.000000     0.800000     0.500000     1.500000     1.000000  \n",
      "max      10.600000     2.500000     3.900000     4.400000     1.000000  \n"
     ]
    }
   ],
   "source": [
    "print(df.describe())"
   ]
  },
  {
   "cell_type": "code",
   "execution_count": 6,
   "metadata": {},
   "outputs": [
    {
     "name": "stdout",
     "output_type": "stream",
     "text": [
      "<class 'pandas.core.frame.DataFrame'>\n",
      "RangeIndex: 1329 entries, 0 to 1328\n",
      "Data columns (total 21 columns):\n",
      " #   Column       Non-Null Count  Dtype  \n",
      "---  ------       --------------  -----  \n",
      " 0   Name         1329 non-null   object \n",
      " 1   GP           1329 non-null   int64  \n",
      " 2   MIN          1329 non-null   float64\n",
      " 3   PTS          1329 non-null   float64\n",
      " 4   FGM          1329 non-null   float64\n",
      " 5   FGA          1329 non-null   float64\n",
      " 6   FG%          1329 non-null   float64\n",
      " 7   3P Made      1329 non-null   float64\n",
      " 8   3PA          1329 non-null   float64\n",
      " 9   3P%          1329 non-null   float64\n",
      " 10  FTM          1329 non-null   float64\n",
      " 11  FTA          1329 non-null   float64\n",
      " 12  FT%          1329 non-null   float64\n",
      " 13  OREB         1329 non-null   float64\n",
      " 14  DREB         1329 non-null   float64\n",
      " 15  REB          1329 non-null   float64\n",
      " 16  AST          1329 non-null   float64\n",
      " 17  STL          1329 non-null   float64\n",
      " 18  BLK          1329 non-null   float64\n",
      " 19  TOV          1329 non-null   float64\n",
      " 20  TARGET_5Yrs  1329 non-null   float64\n",
      "dtypes: float64(19), int64(1), object(1)\n",
      "memory usage: 218.2+ KB\n",
      "None\n"
     ]
    }
   ],
   "source": [
    "print(df.info())"
   ]
  },
  {
   "cell_type": "markdown",
   "metadata": {},
   "source": [
    "## Parte 2"
   ]
  },
  {
   "cell_type": "code",
   "execution_count": 7,
   "metadata": {},
   "outputs": [],
   "source": [
    "data = df[['MIN', 'PTS', 'FGM', 'FGA', 'FG%', '3P Made', '3PA','3P%', 'FTM', 'FTA', 'FT%', 'OREB', 'DREB', 'REB', 'AST', 'STL', 'BLK','TOV']]"
   ]
  },
  {
   "cell_type": "code",
   "execution_count": 10,
   "metadata": {},
   "outputs": [],
   "source": [
    "#@title Estandarizar dataset\n",
    "\n",
    "#Instanciar y aplicar fit_transfor a dataset\n",
    "data_std =  StandardScaler().fit_transform(data)\n",
    "\n",
    "# Generar dataframe desde los datos estandarizados, agregando nombre de columnas.\n",
    "df_data_std = pd.DataFrame(data_std, columns=data.columns)"
   ]
  },
  {
   "cell_type": "code",
   "execution_count": 11,
   "metadata": {},
   "outputs": [
    {
     "data": {
      "text/plain": [
       "MIN        0.0\n",
       "PTS        0.0\n",
       "FGM       -0.0\n",
       "FGA       -0.0\n",
       "FG%        0.0\n",
       "3P Made    0.0\n",
       "3PA        0.0\n",
       "3P%        0.0\n",
       "FTM       -0.0\n",
       "FTA        0.0\n",
       "FT%        0.0\n",
       "OREB       0.0\n",
       "DREB      -0.0\n",
       "REB       -0.0\n",
       "AST       -0.0\n",
       "STL        0.0\n",
       "BLK       -0.0\n",
       "dtype: float64"
      ]
     },
     "execution_count": 11,
     "metadata": {},
     "output_type": "execute_result"
    }
   ],
   "source": [
    "df_data_std.iloc[:,:-1].apply(lambda x: np.mean(x).round(2))"
   ]
  },
  {
   "cell_type": "code",
   "execution_count": 12,
   "metadata": {},
   "outputs": [
    {
     "data": {
      "text/plain": [
       "MIN        1.0\n",
       "PTS        1.0\n",
       "FGM        1.0\n",
       "FGA        1.0\n",
       "FG%        1.0\n",
       "3P Made    1.0\n",
       "3PA        1.0\n",
       "3P%        1.0\n",
       "FTM        1.0\n",
       "FTA        1.0\n",
       "FT%        1.0\n",
       "OREB       1.0\n",
       "DREB       1.0\n",
       "REB        1.0\n",
       "AST        1.0\n",
       "STL        1.0\n",
       "BLK        1.0\n",
       "dtype: float64"
      ]
     },
     "execution_count": 12,
     "metadata": {},
     "output_type": "execute_result"
    }
   ],
   "source": [
    "df_data_std.iloc[:,:-1].apply(lambda x: np.var(x))"
   ]
  },
  {
   "cell_type": "code",
   "execution_count": 13,
   "metadata": {},
   "outputs": [
    {
     "data": {
      "text/html": [
       "<div>\n",
       "<style scoped>\n",
       "    .dataframe tbody tr th:only-of-type {\n",
       "        vertical-align: middle;\n",
       "    }\n",
       "\n",
       "    .dataframe tbody tr th {\n",
       "        vertical-align: top;\n",
       "    }\n",
       "\n",
       "    .dataframe thead th {\n",
       "        text-align: right;\n",
       "    }\n",
       "</style>\n",
       "<table border=\"1\" class=\"dataframe\">\n",
       "  <thead>\n",
       "    <tr style=\"text-align: right;\">\n",
       "      <th></th>\n",
       "      <th>MIN</th>\n",
       "      <th>PTS</th>\n",
       "      <th>FGM</th>\n",
       "      <th>FGA</th>\n",
       "      <th>FG%</th>\n",
       "      <th>3P Made</th>\n",
       "      <th>3PA</th>\n",
       "      <th>3P%</th>\n",
       "      <th>FTM</th>\n",
       "      <th>FTA</th>\n",
       "      <th>FT%</th>\n",
       "      <th>OREB</th>\n",
       "      <th>DREB</th>\n",
       "      <th>REB</th>\n",
       "      <th>AST</th>\n",
       "      <th>STL</th>\n",
       "      <th>BLK</th>\n",
       "      <th>TOV</th>\n",
       "    </tr>\n",
       "  </thead>\n",
       "  <tbody>\n",
       "    <tr>\n",
       "      <th>MIN</th>\n",
       "      <td>1.000000</td>\n",
       "      <td>0.911746</td>\n",
       "      <td>0.902864</td>\n",
       "      <td>0.910194</td>\n",
       "      <td>0.208341</td>\n",
       "      <td>0.389474</td>\n",
       "      <td>0.402814</td>\n",
       "      <td>0.165997</td>\n",
       "      <td>0.791089</td>\n",
       "      <td>0.779813</td>\n",
       "      <td>0.236160</td>\n",
       "      <td>0.573655</td>\n",
       "      <td>0.747065</td>\n",
       "      <td>0.710853</td>\n",
       "      <td>0.629147</td>\n",
       "      <td>0.757050</td>\n",
       "      <td>0.401011</td>\n",
       "      <td>0.826431</td>\n",
       "    </tr>\n",
       "    <tr>\n",
       "      <th>PTS</th>\n",
       "      <td>0.911746</td>\n",
       "      <td>1.000000</td>\n",
       "      <td>0.990874</td>\n",
       "      <td>0.979676</td>\n",
       "      <td>0.261587</td>\n",
       "      <td>0.345289</td>\n",
       "      <td>0.355198</td>\n",
       "      <td>0.151072</td>\n",
       "      <td>0.896245</td>\n",
       "      <td>0.880826</td>\n",
       "      <td>0.254404</td>\n",
       "      <td>0.576421</td>\n",
       "      <td>0.696560</td>\n",
       "      <td>0.679002</td>\n",
       "      <td>0.551561</td>\n",
       "      <td>0.674937</td>\n",
       "      <td>0.390496</td>\n",
       "      <td>0.850272</td>\n",
       "    </tr>\n",
       "    <tr>\n",
       "      <th>FGM</th>\n",
       "      <td>0.902864</td>\n",
       "      <td>0.990874</td>\n",
       "      <td>1.000000</td>\n",
       "      <td>0.980117</td>\n",
       "      <td>0.297113</td>\n",
       "      <td>0.287956</td>\n",
       "      <td>0.297898</td>\n",
       "      <td>0.119493</td>\n",
       "      <td>0.848146</td>\n",
       "      <td>0.840667</td>\n",
       "      <td>0.219423</td>\n",
       "      <td>0.597468</td>\n",
       "      <td>0.705191</td>\n",
       "      <td>0.692678</td>\n",
       "      <td>0.532261</td>\n",
       "      <td>0.662457</td>\n",
       "      <td>0.400744</td>\n",
       "      <td>0.834343</td>\n",
       "    </tr>\n",
       "    <tr>\n",
       "      <th>FGA</th>\n",
       "      <td>0.910194</td>\n",
       "      <td>0.979676</td>\n",
       "      <td>0.980117</td>\n",
       "      <td>1.000000</td>\n",
       "      <td>0.135815</td>\n",
       "      <td>0.388860</td>\n",
       "      <td>0.412053</td>\n",
       "      <td>0.197160</td>\n",
       "      <td>0.826244</td>\n",
       "      <td>0.805507</td>\n",
       "      <td>0.264405</td>\n",
       "      <td>0.505547</td>\n",
       "      <td>0.642752</td>\n",
       "      <td>0.616497</td>\n",
       "      <td>0.589038</td>\n",
       "      <td>0.689771</td>\n",
       "      <td>0.325503</td>\n",
       "      <td>0.845952</td>\n",
       "    </tr>\n",
       "    <tr>\n",
       "      <th>FG%</th>\n",
       "      <td>0.208341</td>\n",
       "      <td>0.261587</td>\n",
       "      <td>0.297113</td>\n",
       "      <td>0.135815</td>\n",
       "      <td>1.000000</td>\n",
       "      <td>-0.291573</td>\n",
       "      <td>-0.347680</td>\n",
       "      <td>-0.330690</td>\n",
       "      <td>0.253381</td>\n",
       "      <td>0.306360</td>\n",
       "      <td>-0.150996</td>\n",
       "      <td>0.512346</td>\n",
       "      <td>0.411103</td>\n",
       "      <td>0.466126</td>\n",
       "      <td>-0.103546</td>\n",
       "      <td>0.061130</td>\n",
       "      <td>0.390786</td>\n",
       "      <td>0.126429</td>\n",
       "    </tr>\n",
       "    <tr>\n",
       "      <th>3P Made</th>\n",
       "      <td>0.389474</td>\n",
       "      <td>0.345289</td>\n",
       "      <td>0.287956</td>\n",
       "      <td>0.388860</td>\n",
       "      <td>-0.291573</td>\n",
       "      <td>1.000000</td>\n",
       "      <td>0.982579</td>\n",
       "      <td>0.589855</td>\n",
       "      <td>0.155717</td>\n",
       "      <td>0.093059</td>\n",
       "      <td>0.312256</td>\n",
       "      <td>-0.218210</td>\n",
       "      <td>0.018688</td>\n",
       "      <td>-0.070865</td>\n",
       "      <td>0.374314</td>\n",
       "      <td>0.305146</td>\n",
       "      <td>-0.155955</td>\n",
       "      <td>0.257015</td>\n",
       "    </tr>\n",
       "    <tr>\n",
       "      <th>3PA</th>\n",
       "      <td>0.402814</td>\n",
       "      <td>0.355198</td>\n",
       "      <td>0.297898</td>\n",
       "      <td>0.412053</td>\n",
       "      <td>-0.347680</td>\n",
       "      <td>0.982579</td>\n",
       "      <td>1.000000</td>\n",
       "      <td>0.582337</td>\n",
       "      <td>0.170463</td>\n",
       "      <td>0.105784</td>\n",
       "      <td>0.320901</td>\n",
       "      <td>-0.231050</td>\n",
       "      <td>0.013611</td>\n",
       "      <td>-0.079111</td>\n",
       "      <td>0.408066</td>\n",
       "      <td>0.336757</td>\n",
       "      <td>-0.169245</td>\n",
       "      <td>0.282496</td>\n",
       "    </tr>\n",
       "    <tr>\n",
       "      <th>3P%</th>\n",
       "      <td>0.165997</td>\n",
       "      <td>0.151072</td>\n",
       "      <td>0.119493</td>\n",
       "      <td>0.197160</td>\n",
       "      <td>-0.330690</td>\n",
       "      <td>0.589855</td>\n",
       "      <td>0.582337</td>\n",
       "      <td>1.000000</td>\n",
       "      <td>0.030320</td>\n",
       "      <td>-0.032333</td>\n",
       "      <td>0.326372</td>\n",
       "      <td>-0.288759</td>\n",
       "      <td>-0.122949</td>\n",
       "      <td>-0.191071</td>\n",
       "      <td>0.262120</td>\n",
       "      <td>0.194329</td>\n",
       "      <td>-0.242274</td>\n",
       "      <td>0.108277</td>\n",
       "    </tr>\n",
       "    <tr>\n",
       "      <th>FTM</th>\n",
       "      <td>0.791089</td>\n",
       "      <td>0.896245</td>\n",
       "      <td>0.848146</td>\n",
       "      <td>0.826244</td>\n",
       "      <td>0.253381</td>\n",
       "      <td>0.155717</td>\n",
       "      <td>0.170463</td>\n",
       "      <td>0.030320</td>\n",
       "      <td>1.000000</td>\n",
       "      <td>0.980626</td>\n",
       "      <td>0.253125</td>\n",
       "      <td>0.586325</td>\n",
       "      <td>0.657652</td>\n",
       "      <td>0.657194</td>\n",
       "      <td>0.474403</td>\n",
       "      <td>0.599534</td>\n",
       "      <td>0.412565</td>\n",
       "      <td>0.804762</td>\n",
       "    </tr>\n",
       "    <tr>\n",
       "      <th>FTA</th>\n",
       "      <td>0.779813</td>\n",
       "      <td>0.880826</td>\n",
       "      <td>0.840667</td>\n",
       "      <td>0.805507</td>\n",
       "      <td>0.306360</td>\n",
       "      <td>0.093059</td>\n",
       "      <td>0.105784</td>\n",
       "      <td>-0.032333</td>\n",
       "      <td>0.980626</td>\n",
       "      <td>1.000000</td>\n",
       "      <td>0.110846</td>\n",
       "      <td>0.655408</td>\n",
       "      <td>0.704195</td>\n",
       "      <td>0.714267</td>\n",
       "      <td>0.427141</td>\n",
       "      <td>0.579737</td>\n",
       "      <td>0.473501</td>\n",
       "      <td>0.798856</td>\n",
       "    </tr>\n",
       "    <tr>\n",
       "      <th>FT%</th>\n",
       "      <td>0.236160</td>\n",
       "      <td>0.254404</td>\n",
       "      <td>0.219423</td>\n",
       "      <td>0.264405</td>\n",
       "      <td>-0.150996</td>\n",
       "      <td>0.312256</td>\n",
       "      <td>0.320901</td>\n",
       "      <td>0.326372</td>\n",
       "      <td>0.253125</td>\n",
       "      <td>0.110846</td>\n",
       "      <td>1.000000</td>\n",
       "      <td>-0.147512</td>\n",
       "      <td>-0.021901</td>\n",
       "      <td>-0.070799</td>\n",
       "      <td>0.292877</td>\n",
       "      <td>0.202791</td>\n",
       "      <td>-0.160008</td>\n",
       "      <td>0.195242</td>\n",
       "    </tr>\n",
       "    <tr>\n",
       "      <th>OREB</th>\n",
       "      <td>0.573655</td>\n",
       "      <td>0.576421</td>\n",
       "      <td>0.597468</td>\n",
       "      <td>0.505547</td>\n",
       "      <td>0.512346</td>\n",
       "      <td>-0.218210</td>\n",
       "      <td>-0.231050</td>\n",
       "      <td>-0.288759</td>\n",
       "      <td>0.586325</td>\n",
       "      <td>0.655408</td>\n",
       "      <td>-0.147512</td>\n",
       "      <td>1.000000</td>\n",
       "      <td>0.838904</td>\n",
       "      <td>0.932874</td>\n",
       "      <td>-0.010736</td>\n",
       "      <td>0.287982</td>\n",
       "      <td>0.649201</td>\n",
       "      <td>0.422708</td>\n",
       "    </tr>\n",
       "    <tr>\n",
       "      <th>DREB</th>\n",
       "      <td>0.747065</td>\n",
       "      <td>0.696560</td>\n",
       "      <td>0.705191</td>\n",
       "      <td>0.642752</td>\n",
       "      <td>0.411103</td>\n",
       "      <td>0.018688</td>\n",
       "      <td>0.013611</td>\n",
       "      <td>-0.122949</td>\n",
       "      <td>0.657652</td>\n",
       "      <td>0.704195</td>\n",
       "      <td>-0.021901</td>\n",
       "      <td>0.838904</td>\n",
       "      <td>1.000000</td>\n",
       "      <td>0.978199</td>\n",
       "      <td>0.189380</td>\n",
       "      <td>0.413893</td>\n",
       "      <td>0.687627</td>\n",
       "      <td>0.572049</td>\n",
       "    </tr>\n",
       "    <tr>\n",
       "      <th>REB</th>\n",
       "      <td>0.710853</td>\n",
       "      <td>0.679002</td>\n",
       "      <td>0.692678</td>\n",
       "      <td>0.616497</td>\n",
       "      <td>0.466126</td>\n",
       "      <td>-0.070865</td>\n",
       "      <td>-0.079111</td>\n",
       "      <td>-0.191071</td>\n",
       "      <td>0.657194</td>\n",
       "      <td>0.714267</td>\n",
       "      <td>-0.070799</td>\n",
       "      <td>0.932874</td>\n",
       "      <td>0.978199</td>\n",
       "      <td>1.000000</td>\n",
       "      <td>0.121302</td>\n",
       "      <td>0.382942</td>\n",
       "      <td>0.699615</td>\n",
       "      <td>0.538216</td>\n",
       "    </tr>\n",
       "    <tr>\n",
       "      <th>AST</th>\n",
       "      <td>0.629147</td>\n",
       "      <td>0.551561</td>\n",
       "      <td>0.532261</td>\n",
       "      <td>0.589038</td>\n",
       "      <td>-0.103546</td>\n",
       "      <td>0.374314</td>\n",
       "      <td>0.408066</td>\n",
       "      <td>0.262120</td>\n",
       "      <td>0.474403</td>\n",
       "      <td>0.427141</td>\n",
       "      <td>0.292877</td>\n",
       "      <td>-0.010736</td>\n",
       "      <td>0.189380</td>\n",
       "      <td>0.121302</td>\n",
       "      <td>1.000000</td>\n",
       "      <td>0.751109</td>\n",
       "      <td>-0.083851</td>\n",
       "      <td>0.747442</td>\n",
       "    </tr>\n",
       "    <tr>\n",
       "      <th>STL</th>\n",
       "      <td>0.757050</td>\n",
       "      <td>0.674937</td>\n",
       "      <td>0.662457</td>\n",
       "      <td>0.689771</td>\n",
       "      <td>0.061130</td>\n",
       "      <td>0.305146</td>\n",
       "      <td>0.336757</td>\n",
       "      <td>0.194329</td>\n",
       "      <td>0.599534</td>\n",
       "      <td>0.579737</td>\n",
       "      <td>0.202791</td>\n",
       "      <td>0.287982</td>\n",
       "      <td>0.413893</td>\n",
       "      <td>0.382942</td>\n",
       "      <td>0.751109</td>\n",
       "      <td>1.000000</td>\n",
       "      <td>0.136144</td>\n",
       "      <td>0.742301</td>\n",
       "    </tr>\n",
       "    <tr>\n",
       "      <th>BLK</th>\n",
       "      <td>0.401011</td>\n",
       "      <td>0.390496</td>\n",
       "      <td>0.400744</td>\n",
       "      <td>0.325503</td>\n",
       "      <td>0.390786</td>\n",
       "      <td>-0.155955</td>\n",
       "      <td>-0.169245</td>\n",
       "      <td>-0.242274</td>\n",
       "      <td>0.412565</td>\n",
       "      <td>0.473501</td>\n",
       "      <td>-0.160008</td>\n",
       "      <td>0.649201</td>\n",
       "      <td>0.687627</td>\n",
       "      <td>0.699615</td>\n",
       "      <td>-0.083851</td>\n",
       "      <td>0.136144</td>\n",
       "      <td>1.000000</td>\n",
       "      <td>0.284679</td>\n",
       "    </tr>\n",
       "    <tr>\n",
       "      <th>TOV</th>\n",
       "      <td>0.826431</td>\n",
       "      <td>0.850272</td>\n",
       "      <td>0.834343</td>\n",
       "      <td>0.845952</td>\n",
       "      <td>0.126429</td>\n",
       "      <td>0.257015</td>\n",
       "      <td>0.282496</td>\n",
       "      <td>0.108277</td>\n",
       "      <td>0.804762</td>\n",
       "      <td>0.798856</td>\n",
       "      <td>0.195242</td>\n",
       "      <td>0.422708</td>\n",
       "      <td>0.572049</td>\n",
       "      <td>0.538216</td>\n",
       "      <td>0.747442</td>\n",
       "      <td>0.742301</td>\n",
       "      <td>0.284679</td>\n",
       "      <td>1.000000</td>\n",
       "    </tr>\n",
       "  </tbody>\n",
       "</table>\n",
       "</div>"
      ],
      "text/plain": [
       "              MIN       PTS       FGM       FGA       FG%   3P Made       3PA  \\\n",
       "MIN      1.000000  0.911746  0.902864  0.910194  0.208341  0.389474  0.402814   \n",
       "PTS      0.911746  1.000000  0.990874  0.979676  0.261587  0.345289  0.355198   \n",
       "FGM      0.902864  0.990874  1.000000  0.980117  0.297113  0.287956  0.297898   \n",
       "FGA      0.910194  0.979676  0.980117  1.000000  0.135815  0.388860  0.412053   \n",
       "FG%      0.208341  0.261587  0.297113  0.135815  1.000000 -0.291573 -0.347680   \n",
       "3P Made  0.389474  0.345289  0.287956  0.388860 -0.291573  1.000000  0.982579   \n",
       "3PA      0.402814  0.355198  0.297898  0.412053 -0.347680  0.982579  1.000000   \n",
       "3P%      0.165997  0.151072  0.119493  0.197160 -0.330690  0.589855  0.582337   \n",
       "FTM      0.791089  0.896245  0.848146  0.826244  0.253381  0.155717  0.170463   \n",
       "FTA      0.779813  0.880826  0.840667  0.805507  0.306360  0.093059  0.105784   \n",
       "FT%      0.236160  0.254404  0.219423  0.264405 -0.150996  0.312256  0.320901   \n",
       "OREB     0.573655  0.576421  0.597468  0.505547  0.512346 -0.218210 -0.231050   \n",
       "DREB     0.747065  0.696560  0.705191  0.642752  0.411103  0.018688  0.013611   \n",
       "REB      0.710853  0.679002  0.692678  0.616497  0.466126 -0.070865 -0.079111   \n",
       "AST      0.629147  0.551561  0.532261  0.589038 -0.103546  0.374314  0.408066   \n",
       "STL      0.757050  0.674937  0.662457  0.689771  0.061130  0.305146  0.336757   \n",
       "BLK      0.401011  0.390496  0.400744  0.325503  0.390786 -0.155955 -0.169245   \n",
       "TOV      0.826431  0.850272  0.834343  0.845952  0.126429  0.257015  0.282496   \n",
       "\n",
       "              3P%       FTM       FTA       FT%      OREB      DREB       REB  \\\n",
       "MIN      0.165997  0.791089  0.779813  0.236160  0.573655  0.747065  0.710853   \n",
       "PTS      0.151072  0.896245  0.880826  0.254404  0.576421  0.696560  0.679002   \n",
       "FGM      0.119493  0.848146  0.840667  0.219423  0.597468  0.705191  0.692678   \n",
       "FGA      0.197160  0.826244  0.805507  0.264405  0.505547  0.642752  0.616497   \n",
       "FG%     -0.330690  0.253381  0.306360 -0.150996  0.512346  0.411103  0.466126   \n",
       "3P Made  0.589855  0.155717  0.093059  0.312256 -0.218210  0.018688 -0.070865   \n",
       "3PA      0.582337  0.170463  0.105784  0.320901 -0.231050  0.013611 -0.079111   \n",
       "3P%      1.000000  0.030320 -0.032333  0.326372 -0.288759 -0.122949 -0.191071   \n",
       "FTM      0.030320  1.000000  0.980626  0.253125  0.586325  0.657652  0.657194   \n",
       "FTA     -0.032333  0.980626  1.000000  0.110846  0.655408  0.704195  0.714267   \n",
       "FT%      0.326372  0.253125  0.110846  1.000000 -0.147512 -0.021901 -0.070799   \n",
       "OREB    -0.288759  0.586325  0.655408 -0.147512  1.000000  0.838904  0.932874   \n",
       "DREB    -0.122949  0.657652  0.704195 -0.021901  0.838904  1.000000  0.978199   \n",
       "REB     -0.191071  0.657194  0.714267 -0.070799  0.932874  0.978199  1.000000   \n",
       "AST      0.262120  0.474403  0.427141  0.292877 -0.010736  0.189380  0.121302   \n",
       "STL      0.194329  0.599534  0.579737  0.202791  0.287982  0.413893  0.382942   \n",
       "BLK     -0.242274  0.412565  0.473501 -0.160008  0.649201  0.687627  0.699615   \n",
       "TOV      0.108277  0.804762  0.798856  0.195242  0.422708  0.572049  0.538216   \n",
       "\n",
       "              AST       STL       BLK       TOV  \n",
       "MIN      0.629147  0.757050  0.401011  0.826431  \n",
       "PTS      0.551561  0.674937  0.390496  0.850272  \n",
       "FGM      0.532261  0.662457  0.400744  0.834343  \n",
       "FGA      0.589038  0.689771  0.325503  0.845952  \n",
       "FG%     -0.103546  0.061130  0.390786  0.126429  \n",
       "3P Made  0.374314  0.305146 -0.155955  0.257015  \n",
       "3PA      0.408066  0.336757 -0.169245  0.282496  \n",
       "3P%      0.262120  0.194329 -0.242274  0.108277  \n",
       "FTM      0.474403  0.599534  0.412565  0.804762  \n",
       "FTA      0.427141  0.579737  0.473501  0.798856  \n",
       "FT%      0.292877  0.202791 -0.160008  0.195242  \n",
       "OREB    -0.010736  0.287982  0.649201  0.422708  \n",
       "DREB     0.189380  0.413893  0.687627  0.572049  \n",
       "REB      0.121302  0.382942  0.699615  0.538216  \n",
       "AST      1.000000  0.751109 -0.083851  0.747442  \n",
       "STL      0.751109  1.000000  0.136144  0.742301  \n",
       "BLK     -0.083851  0.136144  1.000000  0.284679  \n",
       "TOV      0.747442  0.742301  0.284679  1.000000  "
      ]
     },
     "execution_count": 13,
     "metadata": {},
     "output_type": "execute_result"
    }
   ],
   "source": [
    "#@title Obtener matriz de correlación desde nuestr DataFrame Standarizado\n",
    "matriz_corr = df_data_std.corr(method=\"pearson\")\n",
    "matriz_corr"
   ]
  },
  {
   "cell_type": "markdown",
   "metadata": {},
   "source": [
    "En la prueba de Barlet, se obtiene un estadístico Chi2 de 53239.64 con 153 grados de libertad, dejando un p-value muy pequeño convergiendo a 0. Dicho esto, se puede rechazar la hipótesis nula a un 1% de significancia, lo cual indica que las variables si están correlacionadas y se puede aplicar PCA."
   ]
  },
  {
   "cell_type": "code",
   "execution_count": 14,
   "metadata": {},
   "outputs": [
    {
     "data": {
      "text/plain": [
       "array([[ 1.00075301,  0.91243298,  0.90354353,  0.91087956,  0.20849747,\n",
       "         0.38976694,  0.40311684,  0.16612155,  0.79168451,  0.78039974,\n",
       "         0.23633787,  0.57408716,  0.74762803,  0.71138844,  0.6296208 ,\n",
       "         0.75762024,  0.40131247,  0.82705322],\n",
       "       [ 0.91243298,  1.00075301,  0.99162006,  0.98041398,  0.26178409,\n",
       "         0.34554933,  0.35546507,  0.15118559,  0.89692032,  0.88148878,\n",
       "         0.25459516,  0.5768548 ,  0.69708465,  0.67951286,  0.55197618,\n",
       "         0.67544505,  0.39078984,  0.85091251],\n",
       "       [ 0.90354353,  0.99162006,  1.00075301,  0.98085506,  0.29733653,\n",
       "         0.28817283,  0.29812184,  0.11958326,  0.84878505,  0.8412998 ,\n",
       "         0.21958828,  0.5979175 ,  0.70572244,  0.69319964,  0.53266184,\n",
       "         0.66295543,  0.40104558,  0.83497134],\n",
       "       [ 0.91087956,  0.98041398,  0.98085506,  1.00075301,  0.13591733,\n",
       "         0.38915282,  0.41236314,  0.19730809,  0.8268661 ,  0.80611318,\n",
       "         0.26460448,  0.50592816,  0.64323551,  0.61696145,  0.58948119,\n",
       "         0.69029032,  0.32574813,  0.84658944],\n",
       "       [ 0.20849747,  0.26178409,  0.29733653,  0.13591733,  1.00075301,\n",
       "        -0.29179243, -0.34794136, -0.33093908,  0.25357139,  0.30659087,\n",
       "        -0.1511098 ,  0.51273167,  0.41141226,  0.46647679, -0.10362406,\n",
       "         0.06117562,  0.39108068,  0.12652381],\n",
       "       [ 0.38976694,  0.34554933,  0.28817283,  0.38915282, -0.29179243,\n",
       "         1.00075301,  0.98331911,  0.59029956,  0.15583439,  0.09312956,\n",
       "         0.31249063, -0.2183742 ,  0.01870182, -0.07091857,  0.37459621,\n",
       "         0.30537608, -0.15607289,  0.25720852],\n",
       "       [ 0.40311684,  0.35546507,  0.29812184,  0.41236314, -0.34794136,\n",
       "         0.98331911,  1.00075301,  0.58277539,  0.17059143,  0.10586412,\n",
       "         0.32114257, -0.23122372,  0.0136212 , -0.07917096,  0.40837377,\n",
       "         0.33701079, -0.16937263,  0.28270921],\n",
       "       [ 0.16612155,  0.15118559,  0.11958326,  0.19730809, -0.33093908,\n",
       "         0.59029956,  0.58277539,  1.00075301,  0.03034259, -0.03235742,\n",
       "         0.32661733, -0.28897693, -0.12304206, -0.19121441,  0.26231765,\n",
       "         0.1944753 , -0.24245629,  0.10835858],\n",
       "       [ 0.79168451,  0.89692032,  0.84878505,  0.8268661 ,  0.25357139,\n",
       "         0.15583439,  0.17059143,  0.03034259,  1.00075301,  0.98136426,\n",
       "         0.25331568,  0.58676652,  0.65814721,  0.6576893 ,  0.47476065,\n",
       "         0.59998574,  0.4128753 ,  0.80536791],\n",
       "       [ 0.78039974,  0.88148878,  0.8412998 ,  0.80611318,  0.30659087,\n",
       "         0.09312956,  0.10586412, -0.03235742,  0.98136426,  1.00075301,\n",
       "         0.11092937,  0.65590149,  0.70472563,  0.71480465,  0.42746296,\n",
       "         0.58017352,  0.4738576 ,  0.79945735],\n",
       "       [ 0.23633787,  0.25459516,  0.21958828,  0.26460448, -0.1511098 ,\n",
       "         0.31249063,  0.32114257,  0.32661733,  0.25331568,  0.11092937,\n",
       "         1.00075301, -0.14762274, -0.02191732, -0.07085259,  0.29309722,\n",
       "         0.2029435 , -0.16012821,  0.19538917],\n",
       "       [ 0.57408716,  0.5768548 ,  0.5979175 ,  0.50592816,  0.51273167,\n",
       "        -0.2183742 , -0.23122372, -0.28897693,  0.58676652,  0.65590149,\n",
       "        -0.14762274,  1.00075301,  0.83953563,  0.93357657, -0.01074363,\n",
       "         0.28819842,  0.64968939,  0.42302616],\n",
       "       [ 0.74762803,  0.69708465,  0.70572244,  0.64323551,  0.41141226,\n",
       "         0.01870182,  0.0136212 , -0.12304206,  0.65814721,  0.70472563,\n",
       "        -0.02191732,  0.83953563,  1.00075301,  0.9789353 ,  0.18952281,\n",
       "         0.41420422,  0.68814433,  0.57247965],\n",
       "       [ 0.71138844,  0.67951286,  0.69319964,  0.61696145,  0.46647679,\n",
       "        -0.07091857, -0.07917096, -0.19121441,  0.6576893 ,  0.71480465,\n",
       "        -0.07085259,  0.93357657,  0.9789353 ,  1.00075301,  0.12139345,\n",
       "         0.38323048,  0.70014144,  0.53862173],\n",
       "       [ 0.6296208 ,  0.55197618,  0.53266184,  0.58948119, -0.10362406,\n",
       "         0.37459621,  0.40837377,  0.26231765,  0.47476065,  0.42746296,\n",
       "         0.29309722, -0.01074363,  0.18952281,  0.12139345,  1.00075301,\n",
       "         0.75167492, -0.08391399,  0.7480045 ],\n",
       "       [ 0.75762024,  0.67544505,  0.66295543,  0.69029032,  0.06117562,\n",
       "         0.30537608,  0.33701079,  0.1944753 ,  0.59998574,  0.58017352,\n",
       "         0.2029435 ,  0.28819842,  0.41420422,  0.38323048,  0.75167492,\n",
       "         1.00075301,  0.13624676,  0.74286028],\n",
       "       [ 0.40131247,  0.39078984,  0.40104558,  0.32574813,  0.39108068,\n",
       "        -0.15607289, -0.16937263, -0.24245629,  0.4128753 ,  0.4738576 ,\n",
       "        -0.16012821,  0.64968939,  0.68814433,  0.70014144, -0.08391399,\n",
       "         0.13624676,  1.00075301,  0.28489319],\n",
       "       [ 0.82705322,  0.85091251,  0.83497134,  0.84658944,  0.12652381,\n",
       "         0.25720852,  0.28270921,  0.10835858,  0.80536791,  0.79945735,\n",
       "         0.19538917,  0.42302616,  0.57247965,  0.53862173,  0.7480045 ,\n",
       "         0.74286028,  0.28489319,  1.00075301]])"
      ]
     },
     "execution_count": 14,
     "metadata": {},
     "output_type": "execute_result"
    }
   ],
   "source": [
    "#@title Matriz de covarianza\n",
    "matriz_cov = np.cov(df_data_std.T)\n",
    "matriz_cov"
   ]
  },
  {
   "cell_type": "code",
   "execution_count": 15,
   "metadata": {},
   "outputs": [
    {
     "data": {
      "text/plain": [
       "array([9.17575683e+00, 3.89503599e+00, 1.21709332e+00, 8.45684220e-01,\n",
       "       6.42252621e-01, 5.35558847e-01, 5.01499523e-01, 3.98050528e-01,\n",
       "       2.61785818e-01, 2.32801087e-01, 1.10114420e-01, 1.00039556e-01,\n",
       "       5.67059160e-02, 1.47281503e-02, 7.68631780e-03, 4.67018240e-03,\n",
       "       1.68648038e-04, 3.68024308e-04])"
      ]
     },
     "execution_count": 15,
     "metadata": {},
     "output_type": "execute_result"
    }
   ],
   "source": [
    "#@title Autovalores y autovectores\n",
    "autovalores, autovector = np.linalg.eig(matriz_corr)\n",
    "autovalores"
   ]
  },
  {
   "cell_type": "code",
   "execution_count": 16,
   "metadata": {},
   "outputs": [
    {
     "data": {
      "text/plain": [
       "array([5.09764268e-01, 2.16390888e-01, 6.76162957e-02, 4.69824567e-02,\n",
       "       3.56807012e-02, 2.97532693e-02, 2.78610846e-02, 2.21139182e-02,\n",
       "       1.45436565e-02, 1.29333937e-02, 6.11746775e-03, 5.55775309e-03,\n",
       "       3.15032866e-03, 8.18230572e-04, 4.27017656e-04, 2.59454578e-04,\n",
       "       9.36933546e-06, 2.04457949e-05])"
      ]
     },
     "execution_count": 16,
     "metadata": {},
     "output_type": "execute_result"
    }
   ],
   "source": [
    "#@title Porcentaje de varianza explicada por todas las componentes\n",
    "pct_varianza_explicada = autovalores/sum(autovalores)\n",
    "pct_varianza_explicada"
   ]
  },
  {
   "cell_type": "code",
   "execution_count": 17,
   "metadata": {},
   "outputs": [
    {
     "data": {
      "text/plain": [
       "array([9.17575683, 3.89503599, 1.21709332, 0.84568422])"
      ]
     },
     "execution_count": 17,
     "metadata": {},
     "output_type": "execute_result"
    }
   ],
   "source": [
    "#@title Selección del numero de componentes (Kaiser)\n",
    "autovalores_kaiser = autovalores[autovalores >= 0.8]\n",
    "autovalores_kaiser"
   ]
  },
  {
   "cell_type": "code",
   "execution_count": 18,
   "metadata": {},
   "outputs": [
    {
     "data": {
      "text/html": [
       "<div>\n",
       "<style scoped>\n",
       "    .dataframe tbody tr th:only-of-type {\n",
       "        vertical-align: middle;\n",
       "    }\n",
       "\n",
       "    .dataframe tbody tr th {\n",
       "        vertical-align: top;\n",
       "    }\n",
       "\n",
       "    .dataframe thead th {\n",
       "        text-align: right;\n",
       "    }\n",
       "</style>\n",
       "<table border=\"1\" class=\"dataframe\">\n",
       "  <thead>\n",
       "    <tr style=\"text-align: right;\">\n",
       "      <th></th>\n",
       "      <th>pct_var_expl</th>\n",
       "      <th>pct_var_expl_acum</th>\n",
       "    </tr>\n",
       "  </thead>\n",
       "  <tbody>\n",
       "    <tr>\n",
       "      <th>1.0</th>\n",
       "      <td>50.976427</td>\n",
       "      <td>50.976427</td>\n",
       "    </tr>\n",
       "    <tr>\n",
       "      <th>2.0</th>\n",
       "      <td>21.639089</td>\n",
       "      <td>72.615516</td>\n",
       "    </tr>\n",
       "    <tr>\n",
       "      <th>3.0</th>\n",
       "      <td>6.761630</td>\n",
       "      <td>79.377145</td>\n",
       "    </tr>\n",
       "    <tr>\n",
       "      <th>4.0</th>\n",
       "      <td>4.698246</td>\n",
       "      <td>84.075391</td>\n",
       "    </tr>\n",
       "  </tbody>\n",
       "</table>\n",
       "</div>"
      ],
      "text/plain": [
       "     pct_var_expl  pct_var_expl_acum\n",
       "1.0     50.976427          50.976427\n",
       "2.0     21.639089          72.615516\n",
       "3.0      6.761630          79.377145\n",
       "4.0      4.698246          84.075391"
      ]
     },
     "execution_count": 18,
     "metadata": {},
     "output_type": "execute_result"
    }
   ],
   "source": [
    "#@title Porcentaje de varianza explicada de las componentes elegidas\n",
    "varianza_explicada=[]\n",
    "varianza_explicada_acum =[]\n",
    "\n",
    "# Loop para capturar la varianza explicada y la varianza explicada acumulada\n",
    "for i in autovalores_kaiser:\n",
    "    varianza_explicada.append((i)/sum(autovalores)*100)\n",
    "    varianza_explicada_acum.append(sum(varianza_explicada))\n",
    "\n",
    "\n",
    "# Generar DataFrame\n",
